NAME : single
TYPE : ATSP
DIMENSION : 21
EDGE_WEIGHT_TYPE : EXPLICIT
EDGE_WEIGHT_FORMAT : FULL_MATRIX
EDGE_WEIGHT_SECTION
0 121 4378 5608 910 511 852 701 4657 1018 591 5204 5160 5241 3764 3026 894 3468 4134 5261 5262 
199975 0 4543 5774 1003 483 825 624 4822 1111 515 5370 5326 5407 3930 3192 987 3634 4300 5427 5428 
199124 4543 0 1346 4185 4943 5284 5133 392 4148 5023 942 899 979 1223 1823 4373 2265 1374 999 998 
198878 5774 1346 0 5416 6173 6515 6363 954 5402 6254 460 734 672 2368 3087 5603 3529 2519 347 1269 
199817 1003 4185 5416 0 1400 1741 1590 4464 402 1480 5012 4968 5049 3572 2834 528 3276 3942 5069 5070 
199897 483 4943 6173 1400 0 414 619 5269 1405 509 5816 5772 5853 4376 3639 1302 4080 4746 5873 5874 
199829 825 5284 6515 1741 414 0 771 5610 1747 662 6157 6114 6194 4718 3980 1643 4421 5088 6214 6216 
199859 624 5133 6363 1590 619 771 0 5413 1700 109 5964 5920 6001 4556 3818 1596 4259 4926 6021 6054 
199068 4822 392 954 4464 5269 5610 5413 0 4451 5302 549 506 586 1416 2136 4652 2577 1567 606 648 
199796 1111 4148 5402 402 1405 1747 1700 4451 0 1589 4998 4954 5035 3558 2742 387 3183 3928 5055 5056 
199881 515 5023 6254 1480 509 662 109 5302 1589 0 5853 5809 5890 4446 3708 1486 4150 4816 5910 5944 
198959 5370 942 460 5012 5816 6157 5964 549 4998 5853 0 486 380 1964 2683 5199 3125 2115 113 1145 
198967 5326 899 734 4968 5772 6114 5920 506 4954 5809 486 0 403 1920 2639 5155 3081 2071 387 1154 
198951 5407 979 672 5049 5853 6194 6001 586 5035 5890 380 403 0 2001 2720 5236 3161 2151 335 1182 
199247 3930 1223 2368 3572 4376 4718 4556 1416 3558 4446 1964 1920 2001 0 1234 3759 1675 369 2021 2022 
199394 3192 1823 3087 2834 3639 3980 3818 2136 2742 3708 2683 2639 2720 1234 0 3030 453 1604 2740 2741 
199821 987 4373 5603 528 1302 1643 1596 4652 387 1486 5199 5155 5236 3759 3030 0 3471 4129 5256 5257 
199306 3634 2265 3529 3276 4080 4421 4259 2577 3183 4150 3125 3081 3161 1675 453 3471 0 2045 3182 3183 
199173 4300 1374 2519 3942 4746 5088 4926 1567 3928 4816 2115 2071 2151 369 1604 4129 2045 0 2172 2173 
198947 5427 999 347 5069 5873 6214 6021 606 5055 5910 113 387 335 2021 2740 5256 3182 2172 0 1202 
198947 5428 998 1269 5070 5874 6216 6054 648 5056 5944 1145 1154 1182 2022 2741 5257 3183 2173 1202 0 
EOF